# This file lists the coordinates of nodes that were deleted in OSM. It was manually generated by looking at the history on the website.

osm_id, lat, lon
165059857, 46.8101232, -71.2197813
180707594, 46.8061968, -71.2763906
177498223, 46.8120296, -71.2123172
2294079932, 46.7522691, -71.2931579
180725583, 46.8034960, -71.3298656
3395457488, 46.7988223, -71.2578072
249472035, 46.8068628, -71.3659313
249560839, 46.8213401, -71.3053913
249561006, 46.8116779, -71.2893335
3250309639, 46.8509974, -71.1982692
265685779, 46.8513518, -71.2386153
279057691, 46.8723694, -71.1722818
276838533, 46.8108340, -71.2329477
393560062, 46.8487778, -71.3719620
290583210, 46.8132023, -71.2624137
304419504, 46.8337051, -71.2814007
519549666, 46.8319308, -71.2797928
304433623, 46.8401899, -71.2829792
275074244, 46.8301222, -71.3063019
499692765, 46.8473717, -71.3688087
288360478, 46.8398105, -71.2519662
130152923, 46.8431887, -71.2053777
304056739, 46.8877257, -71.3094116
2888327040, 46.8513142, -71.2820944
281143992, 46.8326671, -71.2459691
177112221, 46.8106984, -71.2573451
277487879, 46.8123884, -71.2146935
278865221, 46.8687615, -71.1720790
279225324, 46.8716403, -71.1933282
289548782, 46.8344668, -71.2473371
281143712, 46.8511435, -71.2330382
281357265, 46.7999576, -71.2856540
178913752, 46.8031283, -71.2888523
288360474, 46.8342743, -71.2471885
289548781, 46.8350386, -71.2477838
279057843, 46.8904819, -71.1740951
292944499, 46.7997566, -71.3172588
3005420418, 46.7743713, -71.3527144
294359235, 46.7506112, -71.3437835
486150229, 46.8207278, -71.2243026
303445611, 46.8696814, -71.3192051
275074241, 46.8298645, -71.3077974
301695677, 46.8750385, -71.3283538
307562031, 46.8321633, -71.2849298
307562256, 46.8304321, -71.2832959
385604120, 46.8427521, -71.3259664
130153210, 46.8431782, -71.2055714
1690444926, 46.7972751, -71.2421215
1690707472, 46.7872448, -71.2811701
1690708327, 46.7913225, -71.2527186
1690707571, 46.7876811, -71.2815868
1690707036, 46.7845336, -71.2864174
1690706614, 46.7811042, -71.2795035
1698550165, 46.7745404, -71.2933863
1698550028, 46.7731327, -71.2913608
1698549887, 46.7703375, -71.2933754
1699247998, 46.7880827, -71.2475050
1690707327, 46.7869489, -71.2509535
1690707700, 46.7884597, -71.2476294
1699489858, 46.7611583, -71.3075512
1699554435, 46.7641775, -71.3330127
1699554414, 46.7640169, -71.3343077
1699553750, 46.7577768, -71.3330374
1699553875, 46.7595796, -71.3312886
1699553272, 46.7521809, -71.3237304
1699554394, 46.7636483, -71.3350319
1699554173, 46.7614956, -71.3366803
1699553666, 46.7564531, -71.3268309
1699554260, 46.7620426, -71.3315469
1690260984, 46.7640053, -71.3698619
3074302953, 46.8241321, -71.2445781
1690393012, 46.7898167, -71.2451985
1690393171, 46.7944413, -71.2343716
1629205419, 46.7858262, -71.2820824
1699553280, 46.7522073, -71.3302245
2353690703, 46.8362500, -71.2713399
1764380422, 46.7642348, -71.3701841
280625141, 46.7647504, -71.3708724
3395457492, 46.7982728, -71.2572139
2477852850, 46.8120488, -71.2143946
1698550292, 46.7760905, -71.2955464
1815089583, 46.7534461, -71.3217936
1700258035, 46.7680224, -71.3233851
499692935, 46.8418907, -71.4331033
3052803924, 46.7423342, -71.4541486
304147668, 46.8620025, -71.3294379
2272848156, 46.7636373, -71.3693030
292439497, 46.8065597, -71.2914430
3395459305, 46.7981363, -71.2570208
249502833, 46.8123407, -71.3248254
265662821, 46.8346047, -71.2235014
2264588567, 46.7942414, -71.2883274
279057711, 46.8727752, -71.1740518
279057715, 46.8738063, -71.1742704
279057726, 46.8725497, -71.1743879
281144030, 46.8200117, -71.2482916
2638877286, 46.8014016, -71.2862239
288360462, 46.8407091, -71.2462905
289548788, 46.8335135, -71.2556279
290583209, 46.8120483, -71.2648379
291955169, 46.8908469, -71.1699413
1699553422, 46.7538454, -71.3327096
297027483, 46.8131707, -71.2029076
300470478, 46.7357024, -71.4022680
300997147, 46.8707089, -71.3342014
301273282, 46.8703536, -71.3350154
306524309, 46.7932919, -71.3820954
2538748165, 46.8170087, -71.2110078
3083718419, 46.8664950, -71.3549280
499792869, 46.8475113, -71.3622364
177509391, 46.8151962, -71.2126408
404797824, 46.8621886, -71.4211457
404798846, 46.8717300, -71.4481777
249561008, 46.8115885, -71.2892454
2134397870, 46.8725383, -71.2088023
1690393176, 46.7944919, -71.2342798
485136376, 46.7705775, -71.3417139
1618416866, 46.7735588, -71.2557570
486215540, 46.7910177, -71.2443997
2946423991, 46.9006433, -71.1737000
502261390, 46.7762052, -71.2947111
499688141, 46.7947054, -71.3278124
2509535162, 46.8603615, -71.2108574
639178674, 46.8435854, -71.2053839
639178672, 46.8436021, -71.2057387
1690393107, 46.7924631, -71.2368156
1690393129, 46.7932598, -71.2356630
1690445098, 46.8021621, -71.2366799
2493008122, 46.8048785, -71.2292710
1690707805, 46.7889778, -71.2499850
1690707606, 46.7879628, -71.2499850
1690707609, 46.7879655, -71.2499887
1690708630, 46.7932238, -71.2664896
1690708187, 46.7905323, -71.2630297
1690708542, 46.7926764, -71.2658007
1478239352, 46.7840074, -71.2740616
1698550686, 46.7811816, -71.2910561
837421259, 46.7837569, -71.3097276
1699490643, 46.7751802, -71.3142312
1699490324, 46.7711822, -71.3225837
1699553151, 46.7504379, -71.3288066
1699553241, 46.7519668, -71.3251000
1699553177, 46.7511065, -71.3278282
1699553141, 46.7501069, -71.3400362
1699554240, 46.7619387, -71.3125120
1699553309, 46.7524839, -71.3132753
1861714434, 46.8895716, -71.5125541
281357205, 46.7950305, -71.2927220
2286260714, 46.8570138, -71.3645636
285497285, 46.7759463, -71.3099251
2509535196, 46.8608694, -71.2104015
2509535177, 46.8607397, -71.2105633
2509535173, 46.8606081, -71.2107274
2509535164, 46.8604540, -71.2109197
2513343057, 46.8483155, -71.2267770
2513343061, 46.8487432, -71.2262816
2538748186, 46.8178281, -71.2119523
2538748174, 46.8176806, -71.2124474
473478926, 46.8174117, -71.2081484
2545992173, 46.8146476, -71.2008420
2545992138, 46.8142540, -71.2013685
2545992168, 46.8146297, -71.2008367
2545992104, 46.8138822, -71.2012812
2545992107, 46.8140235, -71.2013022
2545992211, 46.8150657, -71.2009656
2545992265, 46.8153551, -71.2010511
2545992182, 46.8147749, -71.2008797
2545992197, 46.8149221, -71.2009231
2545992252, 46.8152065, -71.2010072
2545992101, 46.8137360, -71.2012598
2545992154, 46.8144821, -71.2007931
2545992150, 46.8144027, -71.2014144
2545992152, 46.8144799, -71.2008105
2545992109, 46.8140663, -71.2008197
2545992105, 46.8139230, -71.2007982
2545992124, 46.8141739, -71.2008359
2548212069, 46.8305388, -71.2329285
2291673230, 46.7577124, -71.2712283
3042067071, 46.8725915, -71.2077121
2286922486, 46.8758918, -71.3478177
3142835424, 46.7840387, -71.2743047
3239516854, 46.8392826, -71.3981938
3395457481, 46.7988161, -71.2579616
2348883317, 46.8131550, -71.2238401
2359176960, 46.8125475, -71.2313057
1777699392, 46.8961491, -71.1340471
3401006746, 46.8135105, -71.2190071
279057731, 46.8730706, -71.1741884
289548831, 46.8380583, -71.2553155
300470479, 46.7354659, -71.4003285
300470492, 46.7350133, -71.3980061
301286802, 46.8531372, -71.2313209
499691670, 46.7623474, -71.4632698
2193257552, 46.9039268, -71.1109970
2946425890, 46.8998645, -71.1745552
955414892, 46.8129355, -71.2061227
2359283240, 46.8063993, -71.2334685
1913564746, 46.7867123, -71.2668950
2934779677, 46.7861018, -71.2468342
2535131626, 46.8293171, -71.2254584
2037077873, 46.9075791, -71.3097896
2513343062, 46.8491458, -71.2256929
2545992156, 46.8144856, -71.2007658
3247221910, 46.7839560, -71.2741421
